# Station météo : Lacrosse Technology WS2800
# Lieu : Epegard
# Date : 2013
# Largeur des colonnes : 10
# Nombre de données : 365
# Intitulés des données :
#   1) date
#   2) température min (°C)
#   3) température max (°C)
#   4) température  moy (°C)
#   5) humidité min (%Hr)
#   6) humidité max (%Hr)
#   7) pression relative min (hPa)
#   8) pression relative max (hPa)
#   9) précipitation journalière (mm)
#   10) vitesse du vent (km/h)
#   11) direction du vent
# Données :
01/01/20133.2       8.7       6.58      79.9      93.4      1001.7    1017.8    2.08      19.15     OSO
02/01/20132.4       8.4       5.52      89.4      95.3      1017.8    1029.0    0.78      10.98     SSO
03/01/20138.5       10.7      9.70      92.4      96.0      1029.0    1039.0    0.52      13.36     OSO
04/01/20138.5       9.3       8.95      90.4      94.9      1036.5    1038.9    1.30      12.20     OSO
05/01/20136.4       8.6       7.60      92.8      95.4      1034.5    1036.8    0.26      9.43      OSO
06/01/20135.6       7.3       6.13      90.7      95.5      1029.9    1035.0    0.26      10.19     S
07/01/20134.9       5.7       5.21      94.9      95.7      1026.2    1030.0    0.00      11.70     S
08/01/20134.3       7.1       5.43      93.6      95.3      1024.8    1027.2    0.00      12.28     S
09/01/20134.2       6.8       5.55      94.2      96.3      1017.9    1024.9    0.00      13.64     S
10/01/20136.4       9.3       7.49      88.7      96.5      1011.2    1017.9    0.26      9.14      OSO
11/01/20132.3       8.3       5.33      77.7      94.6      1013.0    1018.4    1.04      11.84     O
12/01/20132.9       6.1       4.72      92.8      95.8      1007.9    1015.1    0.78      13.64     ESE
13/01/2013-1.1      5.3       3.36      75.8      95.6      1009.7    1016.9    0.52      14.54     NO
14/01/2013-1.2      3.1       0.69      78.8      94.4      1003.3    1017.0    4.16      25.45     S
15/01/2013-1.8      4.2       1.53      74.9      94.6      1002.1    1009.7    1.04      23.83     O
16/01/2013-3.0      0.7       -1.26     70.1      93.2      1007.6    1013.5    0.00      7.38      NNE
17/01/2013-3.3      1.3       -1.15     58.5      91.3      1013.0    1017.5    0.00      10.84     ESE
18/01/2013-3.9      -2.2      -3.09     86.2      92.6      993.2     1013.0    0.00      27.47     ESE
19/01/2013-2.8      -0.6      -1.75     87.3      93.1      990.0     993.4     0.00      13.57     NNE
20/01/2013-3.7      0.5       -1.52     86.0      93.4      990.6     992.7     0.00      11.48     OSO
21/01/2013-2.2      2.2       0.39      88.9      95.1      991.3     999.2     0.00      10.33     S
22/01/2013-0.6      1.9       0.82      94.2      95.8      996.4     1000.7    5.20      27.47     ESE
23/01/20131.4       3.5       2.21      92.5      96.6      1000.8    1006.0    0.52      9.97      ESE
24/01/2013-3.7      2.1       0.63      79.6      95.1      1005.1    1018.4    0.00      8.06      NNE
25/01/2013-4.7      -0.9      -2.16     89.9      92.2      1005.6    1018.8    0.00      21.53     SSE
26/01/2013-1.3      7.2       2.31      81.6      95.8      1004.0    1013.0    1.04      20.88     S
27/01/20133.4       10.2      6.49      70.0      94.0      999.6     1009.9    1.56      35.10     S
28/01/20132.8       10.5      6.40      78.8      94.0      1007.0    1015.0    0.78      28.91     S
29/01/201310.0      13.4      11.61     85.5      94.6      1009.8    1011.8    2.08      25.67     SSO
30/01/20137.0       13.1      10.69     65.0      92.3      1007.5    1021.5    1.56      26.17     SO
31/01/20134.0       11.2      7.88      75.9      92.4      1016.7    1022.1    0.26      26.60     SSO
01/02/20134.2       10.0      7.37      88.2      94.1      996.0     1008.4    1.30      17.96     S
02/02/20132.9       5.7       4.26      70.3      93.9      999.4     1022.3    1.56      19.73     ONO
03/02/2013-0.1      7.5       3.54      77.3      95.3      1016.9    1024.4    0.26      14.51     SO
04/02/20136.8       10.6      8.51      74.6      95.5      1014.4    1017.4    0.52      20.02     OSO
05/02/20131.6       6.8       4.07      67.5      92.1      997.6     1014.4    4.16      23.40     OSO
06/02/20133.1       5.7       4.46      69.0      92.8      995.5     1013.3    9.10      20.95     ONO
07/02/20131.1       6.1       3.28      63.5      92.9      1013.4    1018.5    0.00      16.16     O
08/02/20130.4       5.3       2.21      71.7      95.1      1013.9    1019.3    1.56      14.04     O
09/02/20130.6       3.5       1.79      86.0      94.2      1013.4    1019.6    0.52      11.45     SSE
10/02/20130.8       3.2       1.76      93.5      95.3      989.7     1013.3    10.14     25.24     ESE
11/02/20132.7       8.7       4.74      71.4      95.8      990.2     1002.8    0.52      10.69     O
12/02/20130.3       3.9       2.58      81.7      93.5      1002.7    1017.4    0.00      7.56      N
13/02/2013-1.5      1.6       -0.17     78.3      86.9      1017.4    1022.9    0.00      14.26     ESE
14/02/20130.1       9.7       4.23      81.6      95.7      1011.4    1020.4    3.90      19.48     S
15/02/20130.7       9.4       6.10      69.0      94.6      1014.9    1022.6    0.00      9.07      OSO
16/02/2013-2.1      8.6       2.33      67.6      95.7      1021.3    1023.8    0.26      6.23      ESE
17/02/20130.1       7.4       2.64      67.8      95.5      1016.7    1021.7    0.00      17.10     E
18/02/2013-0.8      7.2       2.28      66.9      92.7      1016.2    1018.5    0.26      14.51     ENE
19/02/2013-2.3      7.9       2.23      63.4      93.5      1015.4    1018.3    0.00      6.66      NNE
20/02/2013-0.9      6.4       1.92      71.5      95.0      1016.2    1019.6    0.26      12.56     NNE
21/02/2013-3.0      2.2       -0.63     64.8      87.9      1015.7    1019.6    0.00      15.80     NNE
22/02/2013-3.4      -0.7      -1.85     68.8      86.7      1013.0    1015.6    0.00      18.36     NNE
23/02/2013-3.1      1.7       -1.13     57.5      75.7      1012.9    1017.8    0.00      15.95     N
24/02/2013-2.0      2.8       0.21      74.2      93.2      1016.8    1019.5    0.00      15.95     NO
25/02/20130.5       2.4       1.52      88.6      93.6      1018.8    1022.5    6.50      9.54      NO
26/02/20131.0       4.8       2.37      75.7      94.0      1021.9    1029.3    1.30      12.78     NNE
27/02/20130.5       3.6       2.40      86.7      94.1      1027.2    1029.5    0.00      12.64     N
28/02/20130.4       1.9       1.00      87.1      94.4      1023.7    1027.5    0.26      8.57      NNE
01/03/20130.9       3.9       2.27      81.5      91.9      1023.5    1025.1    0.00      13.21     N
02/03/20130.9       3.8       1.89      75.6      84.7      1022.5    1025.1    0.00      11.23     NNE
03/03/2013-0.2      6.2       2.20      74.2      90.2      1016.3    1023.0    0.00      15.52     ENE
04/03/2013-0.5      11.6      4.44      70.0      91.4      1005.5    1016.3    0.00      17.60     E
05/03/20132.8       14.0      8.29      62.1      87.8      1000.1    1005.9    0.00      15.08     ESE
06/03/20137.5       15.3      10.58     71.9      93.4      997.2     1000.2    1.82      13.50     ESE
07/03/20138.7       13.5      10.33     86.9      95.1      993.5     997.3     1.04      13.57     E
08/03/20137.0       11.9      9.63      87.4      95.4      991.2     1000.8    3.38      21.38     OSO
09/03/20136.4       13.9      9.75      66.7      95.7      1000.1    1002.0    0.52      8.06      OSO
10/03/20132.4       6.7       4.98      85.2      95.6      999.7     1001.8    0.00      12.35     NNE
11/03/2013-2.6      2.4       -0.60     88.0      94.0      994.8     1000.8    0.00      19.84     NNE
12/03/2013-3.5      -1.8      -2.69     73.3      93.6      994.3     1005.5    0.00      23.94     N
13/03/2013-8.1      4.8       -0.99     71.5      93.3      1005.3    1011.4    3.12      14.40     O
14/03/2013-3.6      5.2       0.60      59.0      94.8      1011.4    1016.0    0.00      12.60     NO
15/03/2013-3.0      6.7       1.77      71.9      90.6      1008.1    1015.6    0.00      28.15     S
16/03/20133.4       7.8       4.86      70.2      93.0      996.6     1008.0    0.26      32.51     S
17/03/20131.8       9.8       4.85      75.3      93.9      987.1     996.8     0.78      37.30     S
18/03/20131.0       6.7       3.31      85.1      93.8      988.4     993.9     4.68      14.65     S
19/03/20132.2       10.1      6.36      66.1      94.0      993.8     997.4     2.34      21.28     S
20/03/20131.2       8.8       5.80      68.4      93.2      996.0     1013.9    0.00      12.06     O
21/03/20130.2       8.1       4.57      85.8      93.8      1010.8    1014.7    2.08      14.76     ENE
22/03/20133.8       12.4      7.84      66.3      93.7      1001.2    1010.8    0.00      21.78     E
23/03/20136.1       12.4      8.28      78.0      87.4      1002.3    1005.4    0.00      8.71      NE
24/03/20131.7       6.7       3.88      85.6      93.0      1004.9    1007.8    0.00      10.94     NNE
25/03/20130.8       6.8       3.28      60.2      86.0      1006.4    1008.5    0.00      11.66     N
26/03/20131.5       5.9       3.06      64.5      82.9      1006.5    1008.3    0.00      7.24      NNE
27/03/20131.5       6.2       3.30      56.8      81.7      1005.8    1007.7    0.00      12.89     NNE
28/03/20131.0       7.2       3.50      54.0      86.6      1006.5    1010.5    0.00      12.67     ONO
29/03/2013-3.0      6.6       2.41      58.3      88.1      1003.8    1009.0    0.00      13.36     NE
30/03/20130.2       6.0       2.31      57.6      77.6      1003.7    1010.7    0.00      14.58     NNE
31/03/2013-2.6      5.9       1.65      58.8      89.7      1008.1    1011.9    0.00      12.64     N
01/04/2013-1.6      7.7       2.61      51.4      87.0      1002.9    1008.1    0.00      21.92     NNE
02/04/2013-0.6      8.9       3.76      42.5      77.4      1004.4    1011.2    0.00      17.42     N
03/04/2013-1.4      8.5       3.09      50.1      84.3      1008.6    1011.5    0.00      12.46     N
04/04/20130.4       7.5       3.82      59.1      85.6      1004.1    1008.9    0.26      17.86     N
05/04/20130.6       4.0       2.10      85.7      93.2      1004.5    1013.9    8.32      14.62     N
06/04/20131.2       7.4       3.65      66.6      92.5      1013.9    1023.1    0.00      14.62     NO
07/04/2013-2.2      11.9      4.41      54.1      91.4      1009.3    1023.4    0.00      15.55     NNE
08/04/20134.1       11.1      6.94      69.0      86.3      999.7     1009.1    0.00      12.06     ESE
09/04/20135.5       12.0      8.42      75.0      93.1      992.9     999.8     6.50      26.42     S
10/04/20136.4       12.4      9.15      71.4      94.2      997.2     1006.5    3.90      23.15     S
11/04/20138.5       15.4      11.20     65.4      93.3      996.4     1000.6    0.78      26.60     SSO
12/04/20137.4       13.8      10.07     63.9      91.7      997.7     1009.5    0.26      27.14     S
13/04/20135.1       12.7      9.67      80.6      93.8      1009.7    1017.2    0.78      30.64     S
14/04/201310.9      23.9      16.94     45.0      87.9      1013.9    1017.5    0.00      28.87     S
15/04/201311.6      19.2      14.63     50.2      88.8      1016.0    1020.3    1.04      15.34     S
16/04/20138.4       16.1      12.52     72.6      88.8      1017.6    1020.8    0.00      21.78     S
17/04/201310.4      23.1      15.98     51.7      90.0      1012.1    1020.9    0.00      17.46     S
18/04/20137.6       16.7      12.26     50.4      85.9      1012.5    1022.7    0.00      23.58     SO
19/04/20135.0       13.0      8.46      57.0      91.1      1022.7    1029.8    0.00      17.50     OSO
20/04/20132.5       13.6      7.74      47.2      91.5      1025.1    1030.5    0.00      14.72     N
21/04/2013-0.1      13.9      7.14      43.4      92.9      1017.7    1025.6    0.00      15.30     O
22/04/20132.0       15.8      8.85      54.4      90.0      1016.9    1018.9    0.00      11.20     OSO
23/04/20137.2       19.0      12.58     59.6      90.0      1018.3    1024.3    0.00      9.72      SSO
24/04/20135.7       23.4      14.09     47.9      94.0      1023.8    1025.4    0.00      11.05     S
25/04/20138.9       27.0      17.39     39.9      92.3      1016.7    1024.7    0.00      11.27     S
26/04/20135.8       15.0      9.83      66.8      93.0      1011.8    1016.7    0.26      15.66     O
27/04/20133.6       10.6      6.77      61.3      91.3      1010.0    1014.9    0.00      14.40     ONO
28/04/20132.0       11.9      7.07      50.6      89.6      1014.9    1017.2    0.00      9.97      NO
29/04/20130.4       14.0      7.38      44.0      86.4      1015.2    1020.4    0.00      13.82     S
30/04/20133.2       15.6      9.45      48.7      87.9      1018.6    1020.4    0.00      20.23     NNE
01/05/20135.2       14.4      9.91      64.9      92.0      1016.3    1020.7    3.38      15.66     N
02/05/20137.5       14.2      10.21     78.3      92.1      1016.7    1019.5    0.00      9.61      ONO
03/05/20135.0       17.5      11.08     40.9      92.9      1018.0    1019.8    0.26      13.39     O
04/05/20134.3       15.7      10.09     62.3      92.9      1018.7    1021.9    0.00      12.82     SO
05/05/20138.7       18.4      12.92     51.8      90.1      1021.3    1023.0    0.00      9.61      O
06/05/20133.5       22.9      13.32     41.8      93.5      1016.6    1021.8    0.00      7.78      N
07/05/20137.0       23.5      15.36     48.8      90.5      1011.8    1017.7    0.00      22.68     ESE
08/05/201311.1      20.2      15.15     68.4      93.2      1007.8    1012.4    8.32      20.74     S
09/05/20136.3       17.3      11.88     49.3      92.4      1010.9    1014.4    0.00      19.33     SSO
10/05/20139.9       16.5      12.00     54.3      84.1      1012.2    1017.0    0.00      17.60     SSO
11/05/20139.7       14.6      11.41     65.2      90.4      1014.0    1016.6    0.26      21.46     SSO
12/05/20136.3       15.7      10.60     54.3      92.2      1015.4    1019.2    0.26      17.03     OSO
13/05/20139.8       16.6      12.54     57.1      92.1      1013.8    1018.1    0.26      20.34     SO
14/05/20137.8       12.7      10.22     68.4      89.2      996.9     1013.8    0.26      27.97     S
15/05/20135.8       15.9      10.06     51.6      89.3      996.5     1001.3    0.52      24.84     S
16/05/20133.9       18.1      10.28     45.7      92.0      996.4     1001.0    13.00     17.68     N
17/05/20134.3       16.2      9.69      61.9      93.6      998.5     1006.8    0.00      11.45     N
18/05/20135.7       15.0      10.33     62.3      92.1      1004.0    1007.4    4.94      15.44     N
19/05/20139.4       14.5      11.24     78.1      93.6      1004.1    1011.1    4.94      6.91      N
20/05/20139.3       11.8      10.20     92.3      95.5      1009.3    1011.5    7.02      12.64     OSO
21/05/201310.3      13.0      12.04     85.6      95.6      1009.7    1016.9    2.08      12.67     NO
22/05/20138.1       16.1      11.75     63.4      94.2      1015.9    1018.1    0.00      10.22     O
23/05/20134.0       11.6      8.97      54.0      90.9      1011.4    1016.2    1.04      19.87     OSO
24/05/20132.5       9.3       4.79      80.7      93.3      1007.6    1012.6    1.04      12.17     SO
25/05/20134.6       14.3      8.98      54.1      93.4      1010.8    1020.6    0.26      17.28     NO
26/05/20134.6       17.7      11.52     43.3      93.2      1015.8    1020.5    0.00      14.33     O
27/05/20133.3       19.6      12.01     51.9      91.4      1003.9    1015.9    0.00      15.52     S
28/05/20138.8       15.5      12.00     58.1      92.7      998.4     1003.9    5.72      15.66     S
29/05/20139.2       18.9      13.52     49.2      88.5      1002.5    1006.5    0.00      11.95     O
30/05/20139.7       16.5      12.59     70.9      90.6      1006.0    1011.8    1.56      13.36     ONO
31/05/201310.3      17.7      13.11     72.6      93.3      1011.6    1018.6    0.00      14.69     ONO
01/06/201310.3      18.7      14.43     55.4      93.3      1018.0    1023.7    0.00      15.34     O
02/06/20138.5       18.5      13.30     50.4      92.4      1023.7    1027.8    0.00      12.02     NO
03/06/20136.6       17.2      11.04     55.2      91.0      1025.0    1029.0    0.00      14.65     N
04/06/20136.8       19.4      12.63     50.7      91.1      1018.7    1026.2    0.00      13.07     N
05/06/20138.0       24.2      16.15     48.6      93.6      1014.8    1019.4    0.00      11.20     N
06/06/201312.1      27.4      19.21     51.0      86.8      1014.6    1016.8    0.00      9.29      N
07/06/201315.3      27.5      21.43     49.2      88.3      1015.7    1017.6    0.00      11.77     NNE
08/06/201313.6      23.9      17.93     65.7      85.8      1011.3    1017.2    0.00      15.84     N
09/06/201311.3      15.1      12.87     81.8      88.8      1010.2    1012.5    0.00      13.21     N
10/06/20139.3       21.6      14.82     58.3      88.7      1012.2    1014.4    0.00      7.96      N
11/06/201311.8      19.6      15.66     76.5      92.3      1013.5    1015.8    0.00      16.67     S
12/06/201314.6      20.9      17.59     78.1      92.9      1014.3    1016.3    0.00      20.56     S
13/06/201310.7      18.8      15.59     56.9      90.0      1013.4    1020.4    0.78      18.68     SSO
14/06/20136.7       22.7      14.40     55.7      91.3      1013.1    1020.9    0.00      15.66     S
15/06/201310.6      20.0      14.98     54.2      89.9      1010.3    1015.3    0.00      18.47     S
16/06/201310.4      22.1      16.13     53.8      90.1      1011.1    1015.6    0.00      10.87     S
17/06/201313.6      26.0      18.37     70.3      89.4      1007.2    1012.0    2.60      17.21     N
18/06/201316.2      24.4      19.39     70.3      93.3      1011.0    1014.1    3.64      11.70     ESE
19/06/201313.5      24.7      18.19     72.1      94.3      1010.1    1014.3    1.04      28.01     ONO
20/06/201315.4      24.9      19.02     60.4      94.8      1009.1    1012.8    0.52      17.06     S
21/06/201313.4      19.7      16.21     68.9      91.7      1010.0    1015.7    1.82      17.10     SSO
22/06/201313.4      18.8      15.09     82.0      93.7      1010.2    1015.6    1.04      27.61     S
23/06/201311.4      16.5      12.89     79.3      92.8      1011.6    1018.9    3.64      18.29     SSO
24/06/20139.9       17.3      13.63     52.4      92.2      1018.7    1026.1    0.00      15.34     OSO
25/06/20136.6       19.5      13.27     51.0      92.6      1025.9    1029.9    0.00      9.11      O
26/06/20136.1       21.1      14.21     49.8      90.0      1028.2    1030.4    0.00      10.44     O
27/06/20139.6       21.2      14.93     50.4      90.4      1023.6    1028.5    0.00      14.51     O
28/06/201311.9      19.0      14.85     78.9      93.5      1020.0    1023.7    0.78      14.00     OSO
29/06/201313.4      20.5      16.53     56.7      94.3      1019.7    1025.4    0.78      14.33     O
30/06/201315.5      25.4      22.11     58.6      85.6      1020.5    1023.1    0.00      8.10      O
01/07/201312.6      24.3      16.83     57.5      93.2      1016.5    1020.5    0.00      9.65      O
02/07/201310.1      23.0      17.12     70.9      90.9      1007.7    1017.1    1.04      13.82     S
03/07/201314.3      18.9      15.41     74.6      92.9      1006.3    1018.0    1.04      14.36     OSO
04/07/201313.3      24.4      17.33     63.6      91.5      1018.1    1025.6    0.00      9.79      SSO
05/07/201313.9      25.4      18.89     52.3      91.8      1025.6    1028.7    0.00      7.99      N
06/07/201311.3      28.7      19.80     49.9      91.5      1025.8    1028.3    0.00      8.10      NO
07/07/201315.9      28.8      22.36     50.7      91.3      1026.9    1028.6    0.00      12.46     N
08/07/201314.7      27.9      21.69     50.1      88.4      1025.1    1028.9    0.00      16.74     N
09/07/201315.1      28.6      21.52     49.6      90.9      1020.5    1026.0    0.00      12.92     N
10/07/201312.8      26.5      19.25     47.3      84.8      1018.8    1021.6    0.00      15.55     N
11/07/201312.5      22.6      16.50     53.1      86.0      1019.7    1021.9    0.00      16.52     N
12/07/20139.6       24.8      16.89     51.0      90.5      1020.5    1022.2    0.00      11.63     N
13/07/201311.3      26.7      18.79     53.2      91.7      1021.8    1023.0    0.00      11.77     N
14/07/201311.9      29.7      21.25     46.4      89.9      1021.9    1023.8    0.00      9.50      NO
15/07/201314.8      29.2      22.43     40.8      88.1      1021.2    1022.9    0.00      10.15     O
16/07/201316.9      28.0      22.15     43.0      85.8      1020.9    1022.3    0.00      36.36     NNE
17/07/201316.5      30.9      22.99     38.0      84.4      1020.8    1022.6    0.00      10.84     NO
18/07/201315.8      29.6      22.37     48.8      85.6      1020.4    1022.6    0.00      14.58     N
19/07/201316.0      30.1      22.87     39.8      89.3      1017.7    1021.8    0.00      16.34     N
20/07/201317.5      30.7      23.61     42.4      80.8      1016.0    1019.2    0.00      11.81     N
21/07/201316.9      33.5      24.27     42.4      87.0      1014.2    1017.9    0.26      13.00     NNE
22/07/201318.9      33.4      25.09     37.7      84.4      1013.5    1017.3    1.82      9.90      N
23/07/201319.5      27.2      22.38     61.7      87.2      1011.5    1015.0    3.38      13.50     ONO
24/07/201316.8      29.4      21.34     51.1      91.2      1012.9    1016.0    7.02      9.25      N
25/07/201317.0      28.2      22.05     56.8      90.1      1012.7    1014.4    0.00      17.10     SSO
26/07/201319.2      29.3      23.06     55.5      90.9      1010.1    1012.8    5.72      9.00      N
27/07/201317.0      28.9      21.04     60.1      91.9      1000.2    1010.3    12.22     18.43     SSO
28/07/201313.6      27.0      19.37     49.2      91.9      1005.6    1011.3    0.00      47.66     S
29/07/201314.3      24.7      18.66     54.3      92.3      1011.2    1018.1    2.60      19.26     S
30/07/201314.3      21.6      17.83     80.5      93.0      1016.0    1018.7    1.56      21.24     SSO
31/07/201315.7      28.6      21.74     57.8      92.8      1015.0    1018.9    0.00      15.30     SSO
01/08/201316.7      35.6      26.20     31.9      91.8      1006.9    1015.1    0.00      20.59     S
02/08/201318.2      29.3      23.91     57.2      87.8      1007.8    1011.7    0.00      14.15     S
03/08/201315.4      26.2      20.36     44.0      86.5      1011.8    1020.2    0.00      17.10     SSO
04/08/201312.4      27.6      19.70     41.2      90.7      1017.8    1020.8    0.00      13.00     SSO
05/08/201312.7      27.6      20.28     50.0      87.4      1010.2    1018.4    0.78      24.44     S
06/08/201314.1      25.3      18.99     50.6      91.3      1011.5    1016.5    0.00      10.44     SO
07/08/201315.8      21.2      17.62     72.7      91.9      1008.2    1014.4    8.06      9.36      N
08/08/201314.0      24.4      18.89     41.8      91.4      1014.3    1021.5    0.00      9.76      NNO
09/08/201313.2      23.3      17.73     58.9      86.3      1019.2    1022.6    0.00      15.23     OSO
10/08/201311.0      21.5      16.22     47.8      92.3      1021.5    1023.0    0.00      12.56     SO
11/08/201310.2      24.2      17.20     57.7      88.7      1017.3    1022.3    0.00      11.48     SSO
12/08/201312.8      21.4      17.41     50.9      90.9      1016.3    1019.1    0.00      13.21     O
13/08/20139.9       21.0      15.42     42.7      91.5      1019.1    1023.5    0.00      12.85     O
14/08/20138.6       24.5      16.45     46.2      89.4      1022.3    1023.8    0.00      8.57      SO
15/08/201311.2      28.4      19.16     45.3      89.8      1017.7    1023.0    0.00      8.89      ONO
16/08/201313.1      26.0      19.10     48.5      89.4      1015.3    1017.9    0.00      13.03     OSO
17/08/201314.2      26.4      19.62     47.9      92.5      1012.5    1017.3    0.52      20.56     SSO
18/08/201316.9      24.1      19.06     62.9      93.2      1010.7    1013.7    4.42      16.38     SSO
19/08/201312.3      21.8      17.23     44.6      91.8      1013.8    1026.6    0.00      13.97     O
20/08/20138.1       23.9      16.00     45.5      92.5      1025.8    1028.1    0.00      9.11      SO
21/08/20139.2       26.7      18.07     42.1      90.5      1020.2    1026.3    0.00      8.89      N
22/08/201315.1      27.5      20.41     41.8      84.3      1015.1    1020.2    0.00      21.06     N
23/08/201314.5      31.0      21.76     36.8      87.5      1010.1    1016.0    0.00      14.94     E
24/08/201314.2      20.5      17.31     65.0      90.6      1009.9    1012.5    2.34      16.81     OSO
25/08/201311.7      18.0      14.53     86.6      92.8      1009.4    1013.3    6.24      12.24     OSO
26/08/201312.5      23.4      17.08     65.5      93.9      1013.5    1016.1    3.64      13.39     ONO
27/08/201313.7      22.0      17.29     54.6      94.5      1014.6    1018.1    0.26      12.82     ONO
28/08/201311.2      23.8      17.05     45.0      93.5      1017.7    1022.0    0.00      11.30     NO
29/08/20139.0       24.5      16.44     41.1      92.7      1021.0    1023.0    0.00      7.45      O
30/08/20139.3       23.6      16.21     53.5      92.8      1020.1    1022.3    0.00      10.37     ONO
31/08/201313.2      23.2      18.17     64.4      92.3      1021.2    1027.2    0.00      11.92     NO
01/09/20138.0       21.1      14.49     45.0      90.9      1027.0    1030.2    0.00      10.76     ONO
02/09/20138.9       21.5      15.20     52.7      91.2      1026.6    1029.0    0.00      11.77     O
03/09/201310.2      25.8      16.94     41.1      94.6      1023.6    1028.0    0.26      6.70      NNE
04/09/201311.1      30.5      20.07     44.5      92.0      1014.8    1023.6    0.00      10.62     E
05/09/201314.4      31.6      21.31     36.1      86.8      1009.1    1014.9    0.00      14.47     ENE
06/09/201311.5      16.9      14.99     76.2      92.1      1007.7    1012.0    0.78      9.43      OSO
07/09/20137.1       21.8      13.63     37.3      92.9      1011.9    1017.3    0.00      15.41     SSO
08/09/20136.3       17.1      10.53     62.4      91.8      1017.0    1019.9    0.00      12.10     ONO
09/09/20139.6       18.0      13.13     82.9      93.4      1012.4    1019.9    11.44     18.32     S
10/09/201310.1      16.6      13.32     63.6      92.9      1016.1    1020.6    0.00      15.16     O
11/09/201311.7      15.4      13.08     75.7      91.1      1018.8    1020.5    0.26      12.60     O
12/09/201312.4      17.4      14.06     82.4      94.6      1017.6    1020.0    1.82      6.77      SO
13/09/201313.4      21.8      16.47     76.7      95.7      1016.8    1020.1    2.08      12.13     SSO
14/09/201312.0      16.9      14.53     70.3      94.7      1012.8    1016.8    1.04      14.72     SSO
15/09/20139.4       17.8      13.90     62.1      93.6      1006.1    1015.3    0.00      20.56     SSO
16/09/20138.7       15.1      12.12     66.0      93.1      1004.0    1006.3    4.16      22.25     SO
17/09/20138.4       16.3      12.04     79.0      94.9      998.4     1006.9    7.02      24.70     SSO
18/09/201311.0      16.3      14.33     78.5      92.8      999.2     1011.1    5.20      18.18     OSO
19/09/20139.6       17.2      13.14     68.5      92.4      1011.1    1014.5    0.00      18.00     SSO
20/09/201310.8      18.9      15.03     64.7      92.6      1012.2    1022.5    0.00      11.66     SO
21/09/20137.8       21.2      14.18     64.4      94.0      1022.5    1026.9    0.00      6.66      ONO
22/09/201315.2      19.8      17.31     82.2      93.5      1026.7    1028.3    0.00      6.19      N
23/09/201314.7      22.2      17.77     66.9      90.7      1018.6    1026.7    0.00      13.14     E
24/09/201310.9      23.1      16.17     60.9      94.2      1012.0    1018.6    0.00      11.09     N
25/09/201310.7      24.4      16.52     58.1      93.5      1009.5    1012.1    0.26      7.38      SSO
26/09/201314.3      21.8      17.41     71.6      94.0      1011.1    1015.0    0.78      11.70     N
27/09/201313.4      21.5      16.79     67.2      92.0      1009.7    1015.0    0.00      11.92     E
28/09/201315.4      18.7      16.88     85.3      93.7      1002.3    1010.2    1.30      15.23     E
29/09/201312.7      19.4      16.28     83.8      95.0      1001.5    1003.7    0.26      7.56      N
30/09/201315.3      19.6      16.89     84.4      95.0      1002.6    1005.9    0.00      8.89      E
01/10/201312.7      19.4      16.07     82.3      96.1      1005.5    1008.2    0.52      18.72     ESE
02/10/201315.2      21.9      17.36     74.1      94.1      1007.8    1011.5    0.00      14.26     ESE
03/10/201314.3      21.6      17.29     87.0      95.8      1007.4    1011.2    8.32      16.67     E
04/10/201314.3      20.7      17.90     74.9      93.5      1008.2    1014.5    0.00      20.41     S
05/10/201313.3      17.8      14.95     78.7      94.9      1014.4    1024.0    0.00      9.47      OSO
06/10/20139.7       19.0      13.73     74.0      95.7      1023.7    1025.9    0.00      5.44      OSO
07/10/20137.9       19.6      13.03     62.1      95.7      1024.1    1026.3    0.00      4.97      ONO
08/10/20138.5       17.7      13.13     74.0      96.0      1024.3    1025.9    0.00      7.38      ONO
09/10/201310.5      16.7      13.56     82.7      96.0      1014.6    1025.7    0.78      10.62     OSO
10/10/20136.8       12.1      9.48      73.8      88.9      1013.9    1016.5    0.52      14.65     O
11/10/20137.7       11.1      8.88      76.4      94.2      1010.2    1014.9    3.12      14.98     N
12/10/20135.1       11.6      8.36      79.4      94.3      1012.1    1017.3    2.60      8.71      N
13/10/20133.8       11.5      7.83      78.1      94.5      1011.1    1017.1    0.00      26.21     SSO
14/10/20139.2       12.0      10.46     86.2      94.7      1008.6    1011.5    6.50      16.31     SSO
15/10/20136.8       14.6      10.65     76.2      95.5      1008.9    1012.9    0.26      12.85     SSO
16/10/20134.4       17.0      9.92      82.3      96.2      1008.0    1014.4    5.20      14.94     ESE
17/10/201310.3      17.6      13.28     75.4      94.8      1014.5    1017.3    0.00      15.19     SSO
18/10/20137.3       15.5      11.10     84.9      96.6      1008.9    1017.2    0.26      20.34     E
19/10/20139.7       17.9      13.17     85.7      95.8      1006.3    1009.8    0.26      16.67     ESE
20/10/201312.5      17.5      14.11     81.8      95.6      1008.2    1012.0    2.34      21.78     S
21/10/201313.6      20.3      15.70     79.2      94.2      1006.2    1012.0    0.00      18.76     S
22/10/201313.9      17.5      15.56     84.5      93.9      998.0     1006.3    0.00      20.56     ESE
23/10/201312.4      18.4      15.09     72.7      94.5      996.6     1011.7    1.04      22.86     S
24/10/201310.0      16.9      13.17     84.6      96.2      1008.2    1015.2    0.26      17.93     ESE
25/10/201313.5      17.6      15.14     88.2      95.5      1004.6    1009.7    0.78      16.78     S
26/10/201313.4      19.5      15.52     70.5      96.0      1007.2    1011.1    0.00      20.88     S
27/10/201312.1      15.8      14.12     72.0      93.1      1000.2    1007.1    1.82      35.28     S
28/10/20139.1       15.9      13.38     66.6      91.1      993.4     1007.9    2.60      45.04     S
29/10/20136.0       13.0      9.11      69.4      92.2      1007.8    1019.2    0.52      18.47     SSO
30/10/20133.2       13.8      7.83      67.6      95.4      1019.2    1023.8    0.00      10.15     SSO
31/10/20134.6       12.7      8.84      83.7      94.7      1018.1    1023.4    0.26      24.41     S
01/11/20139.8       11.9      10.54     93.4      95.5      999.9     1018.3    10.40     18.32     S
02/11/20139.4       15.0      12.87     79.3      96.0      998.2     1005.0    1.04      22.79     SSO
03/11/20136.7       11.2      8.89      73.1      93.9      992.9     1008.0    2.86      34.09     SSO
04/11/20134.4       12.9      9.19      72.0      94.5      985.1     1000.7    0.78      29.95     SSO
05/11/20133.3       12.8      8.48      79.4      95.8      994.2     1002.0    3.38      22.39     S
06/11/201310.2      15.2      13.24     84.7      95.9      1001.4    1006.4    1.56      25.13     SSO
07/11/201311.4      15.5      13.31     86.6      95.2      1006.3    1008.9    13.26     19.69     SSO
08/11/20137.7       13.1      10.48     88.8      95.7      1002.8    1009.3    1.04      20.95     S
09/11/20134.4       9.7       7.50      87.5      93.6      1002.8    1011.7    1.82      22.93     S
10/11/20132.2       10.3      7.15      66.3      95.3      998.7     1025.4    8.58      20.74     ONO
11/11/20131.0       8.8       5.43      77.2      95.7      1024.4    1026.5    1.04      24.52     S
12/11/20137.2       13.1      9.58      93.7      96.8      1022.1    1029.4    4.16      12.64     S
13/11/20132.3       9.9       6.29      76.1      95.3      1027.2    1033.0    0.26      7.24      NO
14/11/20131.4       10.6      6.14      72.8      95.2      1020.8    1027.1    4.94      19.19     O
15/11/20135.8       10.3      7.98      73.7      91.5      1025.4    1029.5    0.26      17.03     N
16/11/20132.4       8.7       5.28      81.3      94.4      1026.4    1030.7    0.00      9.18      N
17/11/20135.0       8.0       5.87      78.8      94.3      1015.2    1026.3    0.00      11.66     N
18/11/20133.7       5.4       4.54      81.9      90.3      1007.8    1015.3    0.00      7.74      S
19/11/20131.8       8.2       5.18      69.5      94.5      1006.6    1014.3    0.52      13.43     ONO
20/11/2013-0.7      5.4       2.57      79.5      93.7      994.0     1014.5    5.98      24.16     SSO
21/11/20132.0       4.3       2.96      85.3      94.5      993.0     1006.6    1.30      13.03     NO
22/11/20130.4       6.0       3.37      77.5      90.9      1006.5    1014.6    0.00      13.00     NO
23/11/20132.2       8.3       4.67      70.4      89.4      1014.8    1021.5    0.00      12.56     NO
24/11/20131.7       9.1       5.67      84.3      92.6      1021.3    1029.7    0.00      11.05     NO
25/11/20134.4       7.5       5.52      81.7      92.8      1029.7    1034.8    0.26      9.65      NO
26/11/20133.9       8.5       5.86      77.9      94.7      1034.1    1036.1    0.26      8.82      NO
27/11/20130.1       8.0       3.94      80.2      94.0      1031.3    1034.3    0.00      7.81      ONO
28/11/20131.1       6.5       4.00      89.5      94.6      1032.0    1034.0    0.26      4.72      OSO
29/11/20135.8       9.1       7.44      79.0      95.8      1020.7    1032.3    0.52      13.00     OSO
30/11/20135.1       8.4       6.65      80.4      92.3      1019.5    1028.6    0.52      15.37     NO
01/12/20133.6       8.9       5.99      77.4      94.6      1028.3    1030.8    0.00      8.46      NO
02/12/20133.0       8.2       5.86      75.6      92.2      1027.6    1030.9    0.00      11.88     N
03/12/2013-1.4      3.3       1.10      91.5      96.0      1026.5    1028.2    0.26      11.41     S
04/12/20133.3       8.2       5.95      83.7      95.3      1026.3    1031.0    0.26      7.74      SO
05/12/2013-1.1      8.6       5.13      77.5      95.1      1022.5    1031.2    3.12      22.46     OSO
06/12/20133.6       8.4       6.28      67.8      93.6      1023.8    1029.6    0.00      13.64     OSO
07/12/20135.1       8.2       6.47      87.0      93.4      1026.6    1029.3    0.26      12.89     SSO
08/12/20131.4       10.0      5.58      72.9      91.3      1026.2    1029.0    0.00      7.38      S
09/12/2013-1.0      7.1       1.40      85.0      93.9      1028.5    1030.5    0.26      8.35      ESE
10/12/2013-2.0      5.4       1.06      87.4      94.7      1030.0    1031.4    1.04      7.92      ESE
11/12/2013-1.3      4.4       0.96      86.3      93.1      1027.2    1030.6    0.52      8.46      E
12/12/2013-1.1      3.5       0.47      92.1      95.3      1024.1    1027.4    0.52      8.35      ESE
13/12/2013-0.8      6.8       2.09      95.3      96.5      1019.7    1024.5    1.56      8.60      ESE
14/12/20132.8       9.7       6.34      82.6      96.1      1022.9    1029.3    0.26      19.19     S
15/12/20135.7       11.2      7.80      76.7      92.1      1023.1    1026.1    0.00      25.78     S
16/12/20134.5       12.9      7.60      79.8      91.9      1020.2    1023.7    0.00      17.17     S
17/12/20134.9       9.3       6.70      87.1      93.3      1017.5    1022.4    0.00      17.68     S
18/12/20134.3       9.6       7.31      86.8      93.7      999.7     1018.8    0.52      38.34     S
19/12/20134.3       9.8       7.28      80.4      92.9      998.7     1012.0    0.78      33.26     S
20/12/20132.4       8.4       4.92      81.9      93.4      1012.1    1027.5    0.00      15.98     SSO
21/12/20136.4       8.8       7.88      83.1      89.2      1016.8    1023.8    0.00      33.84     S
22/12/20136.2       11.7      9.37      82.0      93.3      1013.0    1017.6    1.56      22.21     SSO
23/12/20135.3       11.5      8.85      76.1      94.1      993.4     1017.5    3.64      48.89     S
24/12/20138.2       11.6      9.87      78.2      94.0      982.3     993.4     29.90     50.98     S
25/12/20134.0       8.9       6.32      83.7      93.2      982.5     987.6     3.12      20.09     S
26/12/20132.5       8.7       4.94      79.1      94.2      987.6     1003.1    0.26      14.36     S
27/12/20134.6       11.5      9.03      88.6      94.4      991.5     1000.6    8.32      36.79     S
28/12/20134.8       8.2       6.47      82.9      93.5      993.3     1006.2    2.60      16.16     SSO
29/12/20132.2       8.1       4.92      80.1      93.8      1006.3    1022.5    3.90      14.65     S
30/12/20132.4       7.7       5.65      87.2      93.9      1014.1    1022.3    0.52      29.77     S
31/12/20135.7       8.6       6.87      82.1      94.5      1004.2    1014.9    2.60      26.78     S
